%YAML:1.0
CM1: !!opencv-matrix
   rows: 3
   cols: 3
   dt: d
   data: [ 9.5658276708262326e+02, 0., 2.8347266176646303e+02, 0.,
       9.5453633193298833e+02, 2.4743762825084528e+02, 0., 0., 1. ]
CM2: !!opencv-matrix
   rows: 3
   cols: 3
   dt: d
   data: [ 9.6469190135467329e+02, 0., 2.9362397313951550e+02, 0.,
       9.6177135532142631e+02, 2.2631251116055725e+02, 0., 0., 1. ]
D1: !!opencv-matrix
   rows: 1
   cols: 5
   dt: d
   data: [ -9.0544219838336465e-02, -1.1537412467566496e-01,
       3.6887384372456919e-03, 5.0806739208187433e-03,
       -1.6249535882505306e+00 ]
D2: !!opencv-matrix
   rows: 1
   cols: 5
   dt: d
   data: [ 1.8140609800689420e-02, -4.1898574250795182e+00,
       4.8551721227119166e-03, 7.8525989928399844e-03,
       2.9986258889118613e+01 ]
R: !!opencv-matrix
   rows: 3
   cols: 3
   dt: d
   data: [ 9.9996481206554233e-01, 8.0164327268551824e-03,
       2.4721320879997912e-03, -8.0619128598279095e-03,
       9.9978752360562928e-01, 1.8971378536202031e-02,
       -2.3195240385161819e-03, -1.8990641086048962e-02,
       9.9981697092986754e-01 ]
T: !!opencv-matrix
   rows: 3
   cols: 1
   dt: d
   data: [ -8.4905492622912995e+00, 2.5653152549139924e-01,
       2.7158123456297723e-01 ]
E: !!opencv-matrix
   rows: 3
   cols: 3
   dt: d
   data: [ 1.5944332073966787e-03, -2.7639522808934236e-01,
       2.5133230236060555e-01, 2.5187764506620497e-01,
       -1.5906386096684147e-01, 8.4896666296393715e+00,
       -1.8807243039222532e-01, -8.4908016887142406e+00,
       -1.6171160385094996e-01 ]
F: !!opencv-matrix
   rows: 3
   cols: 3
   dt: d
   data: [ 2.4528644627935270e-07, -4.2611600873076856e-05,
       4.7460242550849172e-02, 3.8866339406999728e-05,
       -2.4597197260200855e-05, 1.2482018353984119e+00,
       -3.6779320302377842e-02, -1.2447217530342829e+00, 1. ]
R1: !!opencv-matrix
   rows: 3
   cols: 3
   dt: d
   data: [ 9.9931571832974297e-01, -2.1562617491872372e-02,
       -3.0052431282828231e-02, 2.1845466470537513e-02,
       9.9971980256020365e-01, 9.1154793440683390e-03,
       2.9847457074171878e-02, -9.7657511685847360e-03,
       9.9950675806135436e-01 ]
R2: !!opencv-matrix
   rows: 3
   cols: 3
   dt: d
   data: [ 9.9903340562150866e-01, -3.0184568235082025e-02,
       -3.1955379715343679e-02, 2.9881418985605208e-02,
       9.9950420266328233e-01, -9.9221800952809178e-03,
       3.2239033045313746e-02, 8.9577172816601523e-03,
       9.9944004525004149e-01 ]
P1: !!opencv-matrix
   rows: 3
   cols: 4
   dt: d
   data: [ 9.3935925098857138e+02, 0., 3.2408015823364258e+02, 0., 0.,
       9.3935925098857138e+02, 2.3893158340454102e+02, 0., 0., 0., 1.,
       0. ]
P2: !!opencv-matrix
   rows: 3
   cols: 4
   dt: d
   data: [ 9.3935925098857138e+02, 0., 3.2408015823364258e+02,
       -7.9833926980107080e+03, 0., 9.3935925098857138e+02,
       2.3893158340454102e+02, 0., 0., 0., 1., 0. ]
Q: !!opencv-matrix
   rows: 4
   cols: 4
   dt: d
   data: [ 1., 0., 0., -3.2408015823364258e+02, 0., 1., 0.,
       -2.3893158340454102e+02, 0., 0., 0., 9.3935925098857138e+02, 0.,
       0., 1.1766416691773658e-01, 0. ]
