%YAML:1.0
CM1: !!opencv-matrix
   rows: 3
   cols: 3
   dt: d
   data: [ 9.6695833996604506e+02, 0., 2.7493503635692815e+02, 0.,
       9.6578799057283777e+02, 2.5482097200483943e+02, 0., 0., 1. ]
CM2: !!opencv-matrix
   rows: 3
   cols: 3
   dt: d
   data: [ 9.7431767499213549e+02, 0., 3.0697693665146812e+02, 0.,
       9.7248002027637222e+02, 2.2984161197631821e+02, 0., 0., 1. ]
D1: !!opencv-matrix
   rows: 1
   cols: 5
   dt: d
   data: [ -1.5158954657581772e-01, 5.8105587829752825e-01,
       2.2084632528461424e-03, 3.3600647233492081e-03,
       -4.7490186711067786e+00 ]
D2: !!opencv-matrix
   rows: 1
   cols: 5
   dt: d
   data: [ -2.5553544166996678e-01, 1.4758467593894855e+00,
       4.3043491817778366e-03, 7.6770641509142723e-03,
       -8.8125195568565200e+00 ]
R: !!opencv-matrix
   rows: 3
   cols: 3
   dt: d
   data: [ 9.9976921833821808e-01, 8.3916951233672481e-03,
       -1.9775983321817767e-02, -7.9527057356924696e-03,
       9.9972251410444335e-01, 2.2173165407145402e-02,
       1.9956566209391940e-02, -2.2010775671193410e-02,
       9.9955853316325738e-01 ]
T: !!opencv-matrix
   rows: 3
   cols: 1
   dt: d
   data: [ -8.5266024439442170e+00, 3.0796510416562445e-01,
       -2.6338494892719416e-01 ]
E: !!opencv-matrix
   rows: 3
   cols: 3
   dt: d
   data: [ 4.0513029974352053e-03, 2.5653331249641964e-01,
       3.1366922582357654e-01, -9.3162458297256501e-02,
       -1.8988737982258630e-01, 8.5280469280923299e+00,
       -2.4008447130518965e-01, -8.5268207812917964e+00,
       -1.8297145358686409e-01 ]
F: !!opencv-matrix
   rows: 3
   cols: 3
   dt: d
   data: [ 1.7721689721813432e-07, 1.1235182595108631e-05,
       1.0355846728639434e-02, -4.0829234420698883e-06,
       -8.3320594786111190e-06, 3.6464530082473023e-01,
       -9.3483179757792717e-03, -3.6538531455296364e-01, 1. ]
R1: !!opencv-matrix
   rows: 3
   cols: 3
   dt: d
   data: [ 9.9954471046002402e-01, -2.8364325409643214e-02,
       1.0287703117935353e-02, 2.8250204310802343e-02,
       9.9953954392133970e-01, 1.1073666688063659e-02,
       -1.0597063167917420e-02, -1.0777995248480859e-02,
       9.9988576201016033e-01 ]
R2: !!opencv-matrix
   rows: 3
   cols: 3
   dt: d
   data: [ 9.9887255965422106e-01, -3.6077428718466767e-02,
       3.0854962435378622e-02, 3.6412523150307428e-02,
       9.9928305847713139e-01, -1.0368085571519074e-02,
       -3.0458787363468715e-02, 1.1479903207517333e-02,
       9.9947009664856556e-01 ]
P1: !!opencv-matrix
   rows: 3
   cols: 4
   dt: d
   data: [ 9.3043733578443243e+02, 0., 2.6758982849121094e+02, 0., 0.,
       9.3043733578443243e+02, 2.4239011383056641e+02, 0., 0., 0., 1.,
       0. ]
P2: !!opencv-matrix
   rows: 3
   cols: 4
   dt: d
   data: [ 9.3043733578443243e+02, 0., 2.6758982849121094e+02,
       -7.9424238703511992e+03, 0., 9.3043733578443243e+02,
       2.4239011383056641e+02, 0., 0., 0., 1., 0. ]
Q: !!opencv-matrix
   rows: 4
   cols: 4
   dt: d
   data: [ 1., 0., 0., -2.6758982849121094e+02, 0., 1., 0.,
       -2.4239011383056641e+02, 0., 0., 0., 9.3043733578443243e+02, 0.,
       0., 1.1714778145469214e-01, 0. ]
