%YAML:1.0
CM1: !!opencv-matrix
   rows: 3
   cols: 3
   dt: d
   data: [ 8.7185443989017404e+02, 0., 2.7603720881584536e+02, 0.,
       8.7384765443258880e+02, 2.9913410727908945e+02, 0., 0., 1. ]
CM2: !!opencv-matrix
   rows: 3
   cols: 3
   dt: d
   data: [ 8.8019965521649340e+02, 0., 2.9471767890672476e+02, 0.,
       8.8284253960876526e+02, 2.8589244639800592e+02, 0., 0., 1. ]
D1: !!opencv-matrix
   rows: 1
   cols: 5
   dt: d
   data: [ -1.8586512928741300e-01, 4.4759593662821973e-01,
       -3.9949038082689858e-03, 3.2336101751282817e-03,
       -1.6801338283647651e+00 ]
D2: !!opencv-matrix
   rows: 1
   cols: 5
   dt: d
   data: [ -2.8739800774416946e-01, 2.0591323305321305e+00,
       -2.0129551734833617e-03, 3.8687383400809864e-03,
       -1.1083397467663794e+01 ]
R: !!opencv-matrix
   rows: 3
   cols: 3
   dt: d
   data: [ 9.9995333942891895e-01, 7.2923353638089756e-03,
       -6.3356775403200262e-03, -7.2085346491209531e-03,
       9.9988754502565480e-01, 1.3150449831913168e-02,
       6.4308625522240224e-03, -1.3104165273338988e-02,
       9.9989345675393004e-01 ]
T: !!opencv-matrix
   rows: 3
   cols: 1
   dt: d
   data: [ -8.5212392114825839e+00, 1.4870394799259740e-01,
       1.4622238443570962e-01 ]
E: !!opencv-matrix
   rows: 3
   cols: 3
   dt: d
   data: [ 2.0103437751953605e-03, -1.4815458211251220e-01,
       1.4676521446045032e-01, 2.0101447975941331e-01,
       -1.1059742429592359e-01, 8.5194049131194927e+00,
       -8.7271361272041742e-02, -8.5213653548043524e+00,
       -1.1111598849287943e-01 ]
F: !!opencv-matrix
   rows: 3
   cols: 3
   dt: d
   data: [ 1.5300924086184272e-07, -1.1250470298856585e-05,
       1.3062164987793176e-02, 1.5253609214666052e-05,
       -8.3733365104275632e-06, 5.6192991825274552e-01,
       -1.0252544356238482e-02, -5.6385892334952636e-01, 1. ]
R1: !!opencv-matrix
   rows: 3
   cols: 3
   dt: d
   data: [ 9.9966943028772226e-01, -9.9288415222854778e-03,
       -2.3715991529898173e-02, 1.0082904028737303e-02,
       9.9992877819607595e-01, 6.3854194576387375e-03,
       2.3650902616351357e-02, -6.6224346979081609e-03,
       9.9969834358375520e-01 ]
R2: !!opencv-matrix
   rows: 3
   cols: 3
   dt: d
   data: [ 9.9970063757394068e-01, -1.7445752657390713e-02,
       -1.7154618867055688e-02, 1.7333793586563281e-02,
       9.9982761940615539e-01, -6.6536510667907535e-03,
       1.7267739694448028e-02, 6.3543045911675401e-03,
       9.9983070965989418e-01 ]
P1: !!opencv-matrix
   rows: 3
   cols: 4
   dt: d
   data: [ 8.3075660222354941e+02, 0., 3.2465119171142578e+02, 0., 0.,
       8.3075660222354941e+02, 3.1099831008911133e+02, 0., 0., 0., 1.,
       0. ]
P2: !!opencv-matrix
   rows: 3
   cols: 4
   dt: d
   data: [ 8.3075660222354941e+02, 0., 3.2465119171142578e+02,
       -7.0811955779529653e+03, 0., 8.3075660222354941e+02,
       3.1099831008911133e+02, 0., 0., 0., 1., 0. ]
Q: !!opencv-matrix
   rows: 4
   cols: 4
   dt: d
   data: [ 1., 0., 0., -3.2465119171142578e+02, 0., 1., 0.,
       -3.1099831008911133e+02, 0., 0., 0., 8.3075660222354941e+02, 0.,
       0., 1.1731869189012073e-01, 0. ]
