%YAML:1.0
CM1: !!opencv-matrix
   rows: 3
   cols: 3
   dt: d
   data: [ 9.9715398670415368e+02, 0., 3.0070828677234726e+02, 0.,
       9.9341290223209614e+02, 2.4639355196136341e+02, 0., 0., 1. ]
CM2: !!opencv-matrix
   rows: 3
   cols: 3
   dt: d
   data: [ 1.0015014547454635e+03, 0., 2.3550665665063508e+02, 0.,
       9.9283559326785701e+02, 2.5775332832533820e+02, 0., 0., 1. ]
D1: !!opencv-matrix
   rows: 1
   cols: 5
   dt: d
   data: [ -3.3498515219371883e-01, 4.0486034220221150e+00,
       -8.0307495581662374e-03, 1.1144992766275022e-02,
       -2.7876322576944993e+01 ]
D2: !!opencv-matrix
   rows: 1
   cols: 5
   dt: d
   data: [ -8.5234752497416533e-01, 2.1965949902784832e+01,
       -1.2181678412068839e-03, -9.0885451538110472e-03,
       -1.9069025197229541e+02 ]
R: !!opencv-matrix
   rows: 3
   cols: 3
   dt: d
   data: [ 9.9610271806325279e-01, -1.3734551867465743e-02,
       8.7124836596688585e-02, 1.5175549868510687e-02,
       9.9975843770561745e-01, -1.5898708205740738e-02,
       -8.6885428888785129e-02, 1.7158913759991800e-02,
       9.9607052658202322e-01 ]
T: !!opencv-matrix
   rows: 3
   cols: 1
   dt: d
   data: [ -8.6730251828554437e+00, -1.2038915591064547e-02,
       1.7696093030096202e-01 ]
E: !!opencv-matrix
   rows: 3
   cols: 3
   dt: d
   data: [ -1.6394730780747676e-03, -1.7712475792701335e-01,
       -9.1781587975967721e-03, -5.7728824911183918e-01,
       1.4638921207512012e-01, 8.6543624530824399e+00,
       -1.1962592963047834e-01, -8.6710954561036484e+00,
       1.3893878519693273e-01 ]
F: !!opencv-matrix
   rows: 3
   cols: 3
   dt: d
   data: [ -4.7125916415286835e-08, -5.1105450687499215e-06,
       1.0103052990523688e-03, -1.6738729174867095e-05,
       4.2606049962499741e-06, 2.5420660170144954e-01,
       8.8180517555142251e-04, -2.5045563554633321e-01, 1. ]
R1: !!opencv-matrix
   rows: 3
   cols: 3
   dt: d
   data: [ 9.9768794699823959e-01, -1.2694249233408438e-02,
       6.6765383626832348e-02, 1.3243676302260809e-02,
       9.9988192975468648e-01, -7.7930474170948881e-03,
       -6.6658573735408719e-02, 8.6592486073713698e-03,
       9.9773826826533862e-01 ]
R2: !!opencv-matrix
   rows: 3
   cols: 3
   dt: d
   data: [ 9.9979094874721086e-01, 1.3877970589178125e-03,
       -2.0399333873324765e-02, -1.2198362465297733e-03,
       9.9996527543870861e-01, 8.2437804628237125e-03,
       2.0410066209686040e-02, -8.2171732433264887e-03,
       9.9975792433028776e-01 ]
P1: !!opencv-matrix
   rows: 3
   cols: 4
   dt: d
   data: [ 8.5547588847827092e+02, 0., 2.1507387399673462e+02, 0., 0.,
       8.5547588847827092e+02, 2.8711516278982162e+02, 0., 0., 0., 1.,
       0. ]
P2: !!opencv-matrix
   rows: 3
   cols: 4
   dt: d
   data: [ 8.5547588847827092e+02, 0., 2.1507387399673462e+02,
       -7.4211153175519066e+03, 0., 8.5547588847827092e+02,
       2.8711516278982162e+02, 0., 0., 0., 1., 0. ]
Q: !!opencv-matrix
   rows: 4
   cols: 4
   dt: d
   data: [ 1., 0., 0., -2.1507387399673462e+02, 0., 1., 0.,
       -2.8711516278982162e+02, 0., 0., 0., 8.5547588847827092e+02, 0.,
       0., 1.1527591903267677e-01, 0. ]
